459.505583425
223.363711743
155.118816508
205.034760631
188.028503908
148.185071528
127.828038085
117.528728344
111.78763299
121.898308458
119.669094507
521.228334938
327.173760075
203.271162415
172.268468668
149.651270569
524.660711276
474.867022788
308.55444885
120.491941563
108.930876502
98.7384079155
88.308265154
84.3080386122
80.9706017645
73.9299467866
75.3466517371
68.7224952824
84.3398131875
74.2093664636
67.71732612
66.0207806095
61.791862297
55.2628507644
49.4902702845
48.2399129955
46.5293698679
59.0455564987
63.7312740485
74.5721776801
69.9216982278
78.8967887967
74.2059784987
74.2274731177
70.3885915993
78.8392720974
75.0967754746
71.2519726752
71.2347908015
74.6425075986
78.9523693828
70.2575074795
62.9043232237
68.9509097041
73.7584376884
80.0244355044
63.1970142493
64.084511345
66.6423839357
61.415524521
62.13850296
57.2977775726
51.009364903
50.6842189293
39.2986655231
49.3012107042
44.3653516698
51.4033395951
322.132481647
126.278668981
103.28958062
93.4189567329
86.5777100798
80.4679628635
75.6152949539
80.9669422602
73.1807569961
92.2153476664
81.2989815033
98.8052894698
89.501497611
89.3958714985
81.6429665644
84.1803636299
64.09846051
63.260381908
76.4061851492
72.5998129158
78.5432373816
91.9677353423
79.3057283121
80.109691089
69.7586354104
69.292924729
56.2114720118
62.2343599629
52.8957911464
51.5847463063
49.917409646
54.2378595922
46.5299604944
51.9766645976
46.4077882197
46.6599679741
35.391669053
39.5802139721
44.8363884832
53.1876166262
47.2235595748
38.3600098911
51.6695144989
48.8034077932
48.8087744701
42.054447429
35.885620045
39.5004609827
37.4072323306
38.3255971132
